72340 LZK North Little Rock Observations at 12Z 02 Mar 2012

-----------------------------------------------------------------------------
   PRES   HGHT   TEMP   DWPT   RELH   MIXR   DRCT   SKNT   THTA   THTE   THTV
    hPa     m      C      C      %    g/kg    deg   knot     K      K      K 
-----------------------------------------------------------------------------
 1000.0      3                                                               
  981.0    172   20.4   17.2     82  12.74    190      9  295.2  331.9  297.4
  976.0    216   20.2   17.2     83  12.81    193     12  295.4  332.4  297.7
  934.0    594   17.6   16.5     93  12.80    219     36  296.5  333.6  298.8
  932.3    610   17.6   16.5     93  12.81    220     37  296.6  333.8  298.9
  925.0    677   17.6   16.4     93  12.84    220     41  297.3  334.7  299.6
  921.0    714   17.6   16.3     92  12.82    221     41  297.7  335.0  300.0
  899.7    914   15.8   15.0     95  12.04    225     44  297.8  333.0  300.0
  881.0   1093   14.2   13.8     97  11.38    231     44  297.9  331.2  300.0
  877.0   1132   15.4   12.6     83  10.56    232     44  299.6  330.7  301.5
  874.0   1161   15.4   11.6     78   9.91    233     44  299.9  329.2  301.7
  868.0   1219   15.0   10.9     77   9.54    235     44  300.1  328.3  301.8
  850.0   1397   13.8    8.9     72   8.49    235     44  300.6  325.9  302.1
  833.0   1567   12.8    6.8     67   7.49    237     44  301.3  323.8  302.6
  807.3   1829   10.7    4.7     66   6.65    240     45  301.7  321.8  302.9
  795.0   1957    9.6    3.6     66   6.27    244     46  301.9  320.9  303.1
  778.3   2134    9.6   -4.4     37   3.56    250     47  303.8  314.9  304.4
  768.0   2244    9.6   -9.4     25   2.45    252     47  304.9  312.8  305.4
  750.0   2438    7.9  -12.7     22   1.93    255     46  305.1  311.4  305.4
  722.6   2743    5.1  -17.8     17   1.31    260     46  305.4  309.7  305.6
  700.0   3003    2.8  -22.2     14   0.93    260     49  305.6  308.7  305.7
  695.0   3061    2.4  -23.6     13   0.82    258     49  305.7  308.6  305.9
  677.0   3272    1.8  -30.2      7   0.46    252     48  307.4  309.0  307.4
  645.1   3658   -1.4  -31.7      8   0.42    240     47  308.0  309.6  308.1
  640.0   3722   -1.9  -31.9      8   0.42    240     48  308.1  309.6  308.2
  628.0   3872   -1.9  -40.9      3   0.17    240     49  309.8  310.5  309.8
  597.2   4267   -4.4  -46.7      2   0.10    240     53  311.4  311.8  311.4
  573.0   4593   -6.5  -51.5      1   0.06    240     58  312.6  312.9  312.6
  552.2   4877   -8.8  -50.2      2   0.07    240     62  313.3  313.5  313.3
  500.0   5640  -14.9  -46.9      5   0.11    240     65  314.8  315.3  314.8
  469.9   6096  -18.8  -51.4      4   0.07    250     68  315.6  315.9  315.6
  400.0   7280  -28.9  -62.9      2   0.02    250     71  317.4  317.4  317.4
  381.1   7620  -31.8  -64.6      2   0.02    250     73  318.0  318.1  318.0
  339.0   8439  -38.7  -68.7      3   0.01    247     82  319.4  319.4  319.4
  319.7   8839  -41.4  -68.0      4   0.01    245     86  321.1  321.1  321.1
  316.0   8918  -41.9  -67.9      4   0.01    246     91  321.4  321.4  321.4
  305.6   9144  -42.0  -68.0      4   0.01    250    106  324.3  324.3  324.3
  300.0   9270  -42.1  -68.1      4   0.01    250    116  325.9  326.0  325.9
  292.2   9449  -42.5  -67.8      5   0.01    250    124  327.8  327.8  327.8
  289.0   9523  -42.7  -67.7      5   0.01    250    124  328.6  328.6  328.6
  260.0  10232  -47.9  -64.9     12   0.02    254    128  331.0  331.1  331.0
  250.0  10490  -50.1  -66.1     13   0.02    255    129  331.4  331.6  331.5
  227.0  11112  -55.7  -69.7     16   0.01    257    125  332.2  332.2  332.2
  212.0  11545  -58.5  -71.5     17   0.01    259    121  334.4  334.4  334.4
  200.7  11887  -59.8  -71.9     19   0.01    260    119  337.5  337.6  337.5
  200.0  11910  -59.9  -71.9     19   0.01    260    120  337.8  337.8  337.8
  181.9  12497  -62.0  -74.0     19   0.01    255    139  343.6  343.7  343.6
  181.0  12528  -62.1  -74.1     19   0.01    255    139  343.9  344.0  343.9
  168.0  12989  -61.1  -73.1     19   0.01    257    128  353.0  353.1  353.0
  162.0  13213  -61.9  -73.9     19   0.01    258    123  355.3  355.4  355.4
  150.0  13690  -60.3  -72.3     19   0.01    260    112  366.0  366.1  366.0
  140.0  14119  -61.7  -73.7     19   0.01    260    105  370.8  370.9  370.8
  135.4  14326  -60.3  -73.1     17   0.01    260    102  376.8  376.9  376.8
  134.0  14391  -59.9  -72.9     17   0.01    260    102  378.7  378.8  378.7
  131.0  14532  -60.7  -72.7     19   0.02    259    103  379.7  379.8  379.7
  123.0  14925  -59.5  -72.5     17   0.02    257    106  388.8  388.9  388.8
  116.9  15240  -60.9  -73.3     18   0.02    255    108  391.8  391.9  391.8
  113.0  15453  -61.9  -73.9     19   0.02    255    107  393.9  393.9  393.9
  109.0  15677  -60.5  -73.5     17   0.02    255    105  400.6  400.7  400.6
  100.0  16210  -63.1  -75.1     18   0.01    255    102  405.5  405.6  405.6
   87.8  17004  -65.5  -76.5     20   0.01    257     93  416.1  416.2  416.1
   73.1  18094  -73.3  -82.3     24   0.01    260     80  422.0  422.0  422.0
   72.0  18183  -72.7  -82.7     21   0.01    260     80  425.1  425.1  425.1
   70.8  18282  -69.3  -79.3     22   0.01    260     79  434.4  434.4  434.4
   70.7  18288  -69.3  -79.3     22   0.01    260     79  434.6  434.6  434.6
   70.0  18350  -68.9  -78.9     22   0.01    265     73  436.6  436.7  436.6
   66.4  18669  -65.1  -76.1     21   0.02    274     62  451.5  451.7  451.5
   64.0  18898  -66.1  -77.1     20   0.02    280     55  454.3  454.4  454.3
   62.9  18998  -66.5  -77.5     20   0.02    274     51  455.5  455.6  455.5
   61.8  19106  -64.1  -76.1     18   0.02    268     46  463.1  463.2  463.1
   57.8  19507  -66.5  -77.9     19   0.02    245     28  466.5  466.6  466.5
   52.2  20117  -70.3  -80.6     21   0.01    230     35  471.5  471.6  471.5
   50.8  20286  -71.3  -81.3     21   0.01    236     36  472.9  473.0  472.9
   50.0  20380  -70.9  -80.9     22   0.01    240     36  476.0  476.1  476.0
   48.3  20585  -70.9  -80.9     22   0.01    258     33  480.7  480.8  480.7
   47.7  20660  -66.3  -77.3     20   0.02    264     32  493.4  493.6  493.4
   47.0  20750  -64.1  -76.1     18   0.03    272     31  500.8  501.0  500.8
   44.9  21031  -64.5  -76.5     18   0.03    295     27  506.4  506.6  506.4
   42.7  21336  -64.9  -76.9     18   0.03    290     32  512.6  512.8  512.6
   41.9  21452  -65.1  -77.1     18   0.03    280     27  515.0  515.2  515.0
   39.1  21874  -63.9  -76.9     15   0.03    241      7  528.3  528.5  528.3
   38.6  21946  -64.0  -76.8     16   0.03    235      4  529.8  530.0  529.8
   36.8  22250  -64.5  -76.5     18   0.03    190     12  536.2  536.5  536.2
   36.6  22279  -64.5  -76.5     18   0.03    196     13  536.9  537.1  536.9
   35.4  22484  -62.7  -75.7     16   0.04    236     20  546.7  547.0  546.7
   35.0  22555  -63.0  -76.0     16   0.04    250     22  547.7  548.0  547.7
   34.0  22732  -63.7  -76.7     15   0.03    243     23  550.4  550.6  550.4
   31.7  23165  -60.6  -75.2     13   0.04    225     27  569.8  570.2  569.8
   30.0  23510  -58.1  -74.1     11   0.06    260     30  585.7  586.1  585.7
   29.0  23725  -57.1  -73.1     11   0.07    268     31  594.1  594.7  594.1
   28.8  23774  -57.1  -73.2     11   0.07    270     31  595.4  596.0  595.5
   27.4  24079  -57.1  -73.9     10   0.06    275     34  603.7  604.2  603.7
   27.1  24154  -57.1  -74.1     10   0.06    285     31  605.7  606.3  605.8
   26.1  24384  -58.5  -75.0     10   0.06    315     22  608.2  608.6  608.2
   25.3  24588  -59.7  -75.7     11   0.05    305     15  610.3  610.8  610.3
   24.9  24689  -59.8  -75.8     11   0.05    300     12  612.9  613.3  612.9
   22.1  25434  -60.5  -76.5     11   0.05    267     16  632.0  632.5  632.0
   21.5  25603  -59.9  -76.5     10   0.05    260     17  638.6  639.1  638.6
   20.5  25908  -58.9  -76.5      9   0.06    270     23  650.6  651.1  650.6
   20.1  26029  -58.5  -76.5      8   0.06    258     19  655.4  656.0  655.5
   20.0  26060  -58.3  -77.3      7   0.05    255     18  657.0  657.5  657.0
   19.5  26213  -56.9  -77.6      6   0.05    250     18  665.8  666.3  665.8
   18.6  26521  -54.1  -78.1      4   0.05    253     24  683.9  684.4  683.9
   16.9  27134  -54.9  -79.9      3   0.04    260     35  700.3  700.7  700.3
   16.9  27127  -54.9  -79.9      3   0.04    260     35  700.1  700.5  700.1
   16.1  27432  -54.0  -81.3      2   0.03    265     44  712.7  713.0  712.7
   15.4  27737  -53.0  -82.7      2   0.03    275     54  725.6  725.9  725.6
   15.0  27899  -52.5  -83.5      1   0.03    279     51  732.5  732.8  732.5
   14.0  28346  -54.5  -85.5      1   0.02    290     44  740.6  740.8  740.6
   14.0  28343  -54.5  -85.5      1   0.02    290     44  740.3  740.5  740.3
   13.7  28482  -52.7  -85.7      1   0.02    286     44  751.1  751.3  751.1
   12.2  29232  -51.7  -84.7      1   0.03    261     44  779.9  780.2  779.9
   12.1  29261  -51.3  -84.5      1   0.03    260     44  782.2  782.5  782.2
   11.9  29394  -49.7  -83.7      1   0.03    260     48  792.5  792.9  792.6
   10.6  30175  -47.2  -81.9      1   0.05    260     74  828.9  829.4  828.9
   10.1  30480  -46.3  -81.2      1   0.05    265     75  843.5  844.1  843.5
   10.0  30540  -46.1  -81.1      1   0.06    270     76  846.4  847.1  846.4
    9.7  30743  -45.9  -80.9      1   0.06    270     77  854.5  855.3  854.5
    9.1  31170  -42.5  -78.5      1   0.09    270     80  883.2  884.5  883.3
    8.6  31552  -42.9  -78.9      1   0.09    270     83  896.1  897.3  896.1
    8.1  32004  -39.6  -76.4      1   0.15    270     86  926.3  928.3  926.4
    7.9  32129  -38.7  -75.7      1   0.17                934.8  937.1  934.9

Station information and sounding indices

                         Station identifier: LZK
                             Station number: 72340
                           Observation time: 120302/1200
                           Station latitude: 34.83
                          Station longitude: -92.27
                          Station elevation: 172.0
                            Showalter index: -1.55
                               Lifted index: -4.99
    LIFT computed using virtual temperature: -5.55
                                SWEAT index: 365.69
                                    K index: 12.60
                         Cross totals index: 23.80
                      Vertical totals index: 28.70
                        Totals totals index: 52.50
      Convective Available Potential Energy: 1429.61
             CAPE using virtual temperature: 1603.25
                      Convective Inhibition: -9.15
             CINS using virtual temperature: -8.86
                           Equilibrum Level: 223.46
 Equilibrum Level using virtual temperature: 223.30
                   Level of Free Convection: 887.38
             LFCT using virtual temperature: 889.00
                     Bulk Richardson Number: 13.85
          Bulk Richardson Number using CAPV: 15.54
  Temp [K] of the Lifted Condensation Level: 289.50
Pres [hPa] of the Lifted Condensation Level: 925.25
     Mean mixed layer potential temperature: 296.02
              Mean mixed layer mixing ratio: 12.81
              1000 hPa to 500 hPa thickness: 5637.00
Precipitable water [mm] for entire sounding: 22.71
